0018
0719
1291
1136
0291
0657
0152
0731
0132
0740
0171
0287
1240
0249
1087
0258
1154
0762
0062
1073
0129
1316
1018
0418
1298
0221
0647
1233
0169
0734
0772
1308
1157
1151
1301
0737
0248
0168
0230
0197
0147
0412
0201
0370
0131
0216
0757
1257
0259
0160
1191
0228
0377
1072
0773
0146
1270
1178
1302
0252
1304
0198
0046
1021
0284
0416
0161
0823
0130
0748
1163
0282
0217
0250
0431
1278
0604
1197
0289
1019
0845
1314
0408
1068
1117
0241
0264
0115
1264
0167
0280
0485
1067
0220
0774
1142
1097
0754
1094
0029
0251
0246
0769
0413
1303
1269
1300
1162
0260
0165
1313
0238
0392
0239
0763
0285
0170
0025
0758
0063
1184
1059
0276
0756
